2771.0 1242.0 312.0 299.0 0.0 LGPCMV1222H
2221.0 1773.0 80.0 62.0 0.0 
2244.0 1544.0 79.0 62.0 0.0 
2267.0 1018.0 106.0 113.0 0.0 
3270.0 1148.0 188.0 111.0 0.0 
3708.0 1158.0 130.0 82.0 0.0 
3544.0 1006.0 72.0 60.0 0.0 
3544.0 1082.0 63.0 59.0 0.0 
3636.0 1496.0 84.0 60.0 0.0 
3874.0 1512.0 69.0 61.0 0.0 
3874.0 1390.0 70.0 59.0 0.0 
2355.0 1552.0 64.0 71.0 0.0 
2435.0 1553.0 66.0 70.0 0.0 
2516.0 1550.0 64.0 69.0 0.0 
2596.0 1550.0 63.0 66.0 0.0 
2676.0 1548.0 62.0 67.0 0.0 
2756.0 1546.0 65.0 67.0 0.0 
2836.0 1545.0 65.0 64.0 0.0 
2918.0 1544.0 65.0 67.0 0.0 
2998.0 1544.0 61.0 64.0 0.0 
3077.0 1543.0 62.0 66.0 0.0 
3158.0 1542.0 63.0 69.0 0.0 
3132.0 1267.0 70.0 48.0 0.0 
2416.0 1184.0 52.0 65.0 -89.118598938 
2414.0 1277.0 67.0 50.0 -2.60256195068 
2416.0 1355.0 63.0 51.0 -1.16913926601 
2309.0 1281.0 63.0 41.0 -1.39718103409 
2162.0 1285.0 38.0 66.0 -90.0 
2162.0 1351.0 66.0 38.0 -3.63295054436 
2067.0 1501.0 54.0 68.0 -3.23970007896 
