2507.0 2059.0 108.0 104.0 -1.62397 
2701.0 1884.0 108.0 198.0 -1.43934 
2965.0 1840.0 234.0 225.0 -1.6114 
2804.0 1317.0 278.0 271.0 -1.58544 
2520.0 1181.0 113.0 113.0 -1.58241 
2648.0 888.0 145.0 145.0 -1.56801 
3171.0 870.0 197.0 194.0 -1.56668 Silicon Image TMDS PanelLink
2459.0 947.0 68.0 42.0 -0.855097413063 
2864.0 986.0 70.0 42.0 -0.855097353458 
2848.0 825.0 37.0 65.0 -0.0 
2952.0 833.0 63.0 45.0 -2.72631072998 
3407.0 785.0 60.0 43.0 -1.00508606434 
3177.0 653.0 60.0 35.0 -0.0 
3341.0 996.0 61.0 42.0 -2.7263109684 
2415.0 1341.0 39.0 65.0 -0.909380495548 
3161.0 1474.0 36.0 60.0 -1.94148659706 
3314.0 1795.0 34.0 62.0 -90.0 
3312.0 1919.0 38.0 61.0 0.0 
3097.0 2148.0 61.0 42.0 -0.939190924168 
