2468.0 1885.0 85.0 64.0 -20.3195 
2404.0 1688.0 108.0 187.0 -20.3152 
2804.0 2008.0 155.0 150.0 -20.3124 
2625.0 1586.0 205.0 202.0 -20.313 
2931.0 1615.0 107.0 104.0 -20.309 
3080.0 1770.0 129.0 123.0 -20.3169 
2943.0 1891.0 59.0 65.0 -20.3097 
2901.0 1798.0 65.0 56.0 -20.3183 
3127.0 1936.0 59.0 64.0 -20.308 
3217.0 1907.0 58.0 61.0 -20.3067 
2260.0 1526.0 64.0 43.0 -23.7820320129 
2655.0 2250.0 42.0 67.0 -19.2495231628 
2506.0 2138.0 41.0 68.0 -16.294046402 
2980.0 2001.0 38.0 65.0 -20.7722549438 
3228.0 2057.0 69.0 38.0 -20.2656974792 
