3754.0 1121.0 142.0 195.0 -2.26244 
3390.0 1142.0 334.0 331.0 -2.16299 GENESIS DISPLAY PERFECTION gm1501H
3052.0 1165.0 110.0 182.0 -2.21368 
3464.0 1500.0 192.0 186.0 -2.1689 
3526.0 1765.0 101.0 98.0 -2.1735 
2540.0 1066.0 198.0 143.0 -2.15883 
2444.0 1534.0 259.0 254.0 -2.16438 
2448.0 1837.0 209.0 105.0 -2.1742 
2766.0 792.0 72.0 58.0 -3.17983007431 
2154.0 956.0 85.0 55.0 -1.3478872776 
3058.0 913.0 128.0 102.0 -2.26795434952 
3547.0 817.0 38.0 55.0 -2.08256530762 
3734.0 799.0 87.0 59.0 -2.91083788872 
3855.0 897.0 59.0 36.0 -1.94148647785 
2143.0 1466.0 54.0 60.0 -1.90915226936 
2763.0 1379.0 72.0 55.0 -2.16107964516 
2790.0 1612.0 62.0 57.0 -88.1523895264 
3800.0 1361.0 85.0 58.0 -0.987760424614 
