2189.0 804.0 166.0 146.0 0.0 
2822.0 971.0 145.0 148.0 0.0 
3827.0 812.0 80.0 79.0 0.0 
3816.0 1160.0 155.0 207.0 0.0 
2073.0 2306.0 142.0 99.0 0.0 
2044.0 2604.0 159.0 209.0 0.0 
3336.0 758.0 73.0 53.0 -0.0 
2824.0 739.0 64.0 47.0 -0.895173728466 
2704.0 1303.0 92.0 161.0 -88.221206665 
3425.0 1551.0 72.0 57.0 -0.806929409504 
3729.0 1327.0 39.0 58.0 -2.93567347527 
3626.0 1685.0 62.0 43.0 -88.5679016113 
2071.0 2030.0 63.0 72.0 -1.63657712936 
2103.0 2125.0 62.0 47.0 -1.21887528896 
3836.0 2600.0 79.0 57.0 -1.00508606434 
3286.0 2732.0 42.0 62.0 -89.0759506226 
2932.0 2708.0 82.0 63.0 -2.1210963726 
