2810.0 319.0 60.0 41.0 -3.81407499313 
2814.0 378.0 57.0 46.0 -3.73139739037 
2816.0 435.0 56.0 42.0 -4.2363948822 
2997.0 340.0 62.0 41.0 -3.87852478027 
3089.0 336.0 61.0 41.0 -2.8155567646 
3183.0 485.0 43.0 68.0 -4.51398801804 
3026.0 532.0 71.0 44.0 -4.83042001724 
2926.0 676.0 60.0 41.0 -4.76364183426 
2914.0 946.0 62.0 45.0 -3.75172901154 
2010.0 842.0 42.0 65.0 -2.64254522324 
3189.0 1000.0 66.0 40.0 -1.73570466042 
2982.0 1117.0 63.0 36.0 -2.7263109684 
3030.0 1261.0 45.0 61.0 -2.8155567646 
3214.0 1466.0 42.0 66.0 -4.3323135376 
2017.0 2095.0 44.0 68.0 -2.60256195068 
2127.0 2047.0 77.0 84.0 -0.744059205055 
