2462.0 1511.0 111.0 204.0 0.0 
2591.0 1514.0 104.0 202.0 0.0 
2432.0 1742.0 191.0 201.0 0.0 
2748.0 1811.0 199.0 154.0 0.0 Infineon ADM6996I
2828.0 1514.0 177.0 187.0 0.0 
2774.0 1322.0 60.0 63.0 0.0 
2904.0 1324.0 57.0 64.0 0.0 
3123.0 1788.0 62.0 63.0 0.0 
2986.0 1874.0 44.0 58.0 0.0 
3034.0 1874.0 44.0 60.0 0.0 
3299.0 1909.0 58.0 88.0 0.0 
3109.0 1502.0 55.0 70.0 -0.0 
3249.0 1505.0 69.0 51.0 -88.2642974854 
2093.0 1680.0 43.0 57.0 -86.8778686523 
2245.0 1550.0 57.0 48.0 -88.6980514526 
2121.0 1514.0 56.0 38.0 -88.4518432617 
2363.0 1326.0 39.0 59.0 -87.0643310547 
2193.0 1330.0 37.0 61.0 -89.0608062744 
