2204.0 709.0 186.0 122.0 0.0 NEC JAPAN
2206.0 846.0 186.0 124.0 0.0 
2208.0 985.0 184.0 120.0 0.0 
2210.0 1126.0 180.0 119.0 0.0 
2248.0 1325.0 233.0 236.0 0.0 
2522.0 1136.0 113.0 87.0 0.0 P87AJ 74VHC244
2042.0 1515.0 115.0 90.0 0.0 
2162.0 1514.0 118.0 89.0 0.0 
2284.0 1511.0 117.0 88.0 0.0 
2408.0 1508.0 119.0 89.0 0.0 
2530.0 1509.0 119.0 92.0 0.0 
2116.0 1696.0 225.0 219.0 0.0 
2330.0 1636.0 169.0 105.0 0.0 
2499.0 1632.0 170.0 104.0 0.0 
2332.0 1758.0 166.0 105.0 0.0 
2502.0 1754.0 172.0 102.0 0.0 
2160.0 1920.0 204.0 147.0 0.0 
2162.0 2097.0 203.0 148.0 0.0 
2434.0 1976.0 274.0 268.0 0.0 
2070.0 2258.0 117.0 91.0 0.0 
2197.0 2256.0 126.0 94.0 0.0 
2712.0 780.0 239.0 234.0 0.0 DSP 1991 TI
3028.0 780.0 240.0 230.0 0.0 
3340.0 775.0 233.0 232.0 0.0 
2717.0 1198.0 236.0 232.0 0.0 
3032.0 1196.0 237.0 232.0 0.0 
3344.0 1191.0 241.0 234.0 0.0 
2719.0 1001.0 104.0 116.0 0.0 
3030.0 996.0 102.0 117.0 0.0 
3344.0 994.0 103.0 115.0 0.0 
3650.0 774.0 243.0 237.0 0.0 
3964.0 766.0 238.0 229.0 0.0 
3656.0 1191.0 239.0 232.0 0.0 
3970.0 1186.0 236.0 234.0 0.0 
3656.0 990.0 94.0 114.0 0.0 
3964.0 988.0 93.0 113.0 0.0 
3038.0 1612.0 240.0 230.0 0.0 
3346.0 1610.0 235.0 232.0 0.0 
3672.0 1598.0 265.0 219.0 0.0 
3972.0 1602.0 232.0 232.0 0.0 
2725.0 2032.0 230.0 232.0 0.0 
3038.0 2030.0 239.0 236.0 0.0 
3351.0 2026.0 234.0 228.0 0.0 
3666.0 2024.0 237.0 234.0 0.0 
3980.0 2020.0 237.0 227.0 0.0 
2732.0 2452.0 232.0 232.0 0.0 
3044.0 2451.0 237.0 234.0 0.0 
3358.0 2444.0 240.0 231.0 0.0 
3672.0 2442.0 239.0 237.0 0.0 
3983.0 2440.0 248.0 245.0 0.0 
2051.0 736.0 72.0 76.0 -1.50743579865 
2051.0 831.0 62.0 64.0 -0.895173728466 
2051.0 919.0 65.0 63.0 -2.72631072998 
2048.0 1033.0 89.0 93.0 -89.3634109497 
2049.0 1159.0 111.0 99.0 -0.516164243221 
2516.0 682.0 81.0 69.0 -90.0 
2468.0 998.0 127.0 109.0 -1.35319197178 
2415.0 1138.0 64.0 74.0 -1.54815781116 
2858.0 937.0 64.0 70.0 -0.0 
2859.0 1025.0 62.0 70.0 -0.0 
3169.0 934.0 67.0 72.0 0.0 
3170.0 1022.0 69.0 66.0 -90.0 
3482.0 929.0 67.0 72.0 -1.59114027023 
3481.0 1018.0 63.0 73.0 0.0 
3794.0 926.0 72.0 66.0 -89.2042770386 
3794.0 1016.0 64.0 72.0 -1.78991055489 
4104.0 925.0 74.0 65.0 -89.0608062744 
4104.0 1010.0 62.0 72.0 -0.0 
2060.0 1270.0 62.0 71.0 -89.1815490723 
2061.0 1359.0 66.0 71.0 -3.31778144836 
4110.0 1339.0 65.0 75.0 -0.0 
4110.0 1430.0 67.0 74.0 -2.32153081894 
3969.0 1404.0 106.0 109.0 -0.535458981991 
3797.0 1433.0 65.0 72.0 -1.59114038944 
3659.0 1409.0 106.0 101.0 -89.4437484741 
3485.0 1347.0 65.0 70.0 -0.84252423048 
3485.0 1434.0 68.0 72.0 -1.68468439579 
3347.0 1412.0 102.0 110.0 -1.04162669182 
3174.0 1349.0 65.0 73.0 -0.0 
3175.0 1439.0 75.0 67.0 -88.4088592529 
3034.0 1416.0 109.0 101.0 -90.0 
2860.0 1354.0 65.0 75.0 -0.0 
2863.0 1441.0 63.0 72.0 -1.59114038944 
2724.0 1418.0 99.0 104.0 -1.11239957809 
2556.0 1405.0 65.0 74.0 -1.59114027023 
2460.0 1405.0 64.0 71.0 0.0 
2492.0 1276.0 130.0 105.0 -0.902221143246 
2747.0 1607.0 102.0 109.0 -1.12330269814 
2675.0 1718.0 66.0 82.0 -2.0952527523 
2677.0 1834.0 73.0 70.0 -89.1815490723 
2767.0 1830.0 67.0 85.0 -2.0952527523 
2765.0 1723.0 66.0 71.0 -0.818455576897 
2866.0 1772.0 65.0 72.0 -0.0 
2866.0 1861.0 71.0 63.0 -89.193069458 
3038.0 1830.0 109.0 101.0 -89.4743652344 
3176.0 1855.0 74.0 68.0 -88.4518432617 
3349.0 1828.0 110.0 101.0 -89.4791488647 
3489.0 1763.0 66.0 74.0 -0.774220228195 
3490.0 1852.0 74.0 65.0 -89.118598938 
3660.0 1826.0 104.0 109.0 -0.535458981991 
3974.0 1822.0 99.0 108.0 -0.540510177612 
2337.0 2183.0 85.0 67.0 -89.3259658813 
2429.0 2182.0 67.0 83.0 0.0 
2533.0 2181.0 65.0 80.0 -0.0 
2347.0 2330.0 122.0 105.0 -90.0 
2522.0 2330.0 104.0 126.0 -1.38591778278 
2728.0 2252.0 105.0 99.0 -89.4543457031 
2551.0 2482.0 85.0 65.0 -90.0 
2551.0 2577.0 64.0 73.0 -0.924045264721 
2553.0 2670.0 63.0 86.0 -1.99787986279 
2871.0 2278.0 73.0 66.0 -88.4306411743 
2875.0 2605.0 77.0 67.0 -87.6140594482 
2874.0 2692.0 61.0 70.0 -0.84252423048 
3045.0 2663.0 100.0 107.0 -1.19348931313 
3185.0 2601.0 67.0 70.0 0.0 
3187.0 2691.0 64.0 74.0 -1.54815769196 
2735.0 2670.0 97.0 111.0 -1.03224468231 
3042.0 2248.0 99.0 106.0 -0.578725576401 
3182.0 2183.0 68.0 70.0 -0.0 
3182.0 2275.0 73.0 67.0 -89.2151794434 
3354.0 2245.0 100.0 105.0 -1.09121620655 
3493.0 2180.0 72.0 63.0 -89.2042770386 
3493.0 2271.0 62.0 72.0 -1.59114027023 
3358.0 2662.0 97.0 108.0 -1.20604860783 
3499.0 2600.0 63.0 74.0 0.0 
3498.0 2686.0 63.0 73.0 -0.795723557472 
3672.0 2662.0 107.0 100.0 -90.0 
3810.0 2597.0 65.0 76.0 -1.50743567944 
3982.0 2658.0 99.0 109.0 -1.05118072033 
3663.0 2243.0 105.0 104.0 -90.0 
3807.0 2179.0 66.0 74.0 -0.784824550152 
3808.0 2267.0 65.0 70.0 -0.818455398083 
3978.0 2241.0 103.0 109.0 -0.55625218153 
4120.0 2175.0 72.0 67.0 -90.0 
4120.0 2265.0 64.0 70.0 -0.84252423048 
