2038.0 1284.0 167.0 221.0 0.0 
2811.0 1332.0 104.0 158.0 0.0 
3106.0 1325.0 83.0 162.0 0.0 
3400.0 1306.0 156.0 215.0 0.0 
3601.0 1306.0 156.0 210.0 0.0 
3028.0 1592.0 265.0 263.0 0.0 PCIset SB82437VX
3028.0 1987.0 272.0 268.0 0.0 
3452.0 2508.0 293.0 132.0 0.0 ODIN 0EC12C885
3540.0 818.0 229.0 171.0 0.0 
2096.0 933.0 98.0 110.0 -1.09121632576 
2095.0 1078.0 108.0 91.0 -89.4594802856 
3543.0 1051.0 169.0 232.0 -89.7476043701 
1907.0 1713.0 73.0 62.0 -0.924045443535 
1882.0 2005.0 142.0 456.0 -0.628218054771 
2037.0 1962.0 367.0 144.0 -89.6790237427 
1886.0 2270.0 75.0 63.0 -0.909380316734 
1887.0 2370.0 67.0 57.0 -0.0 
2907.0 2295.0 163.0 70.0 -1.06091177464 
2674.0 2297.0 209.0 69.0 -0.548268258572 
2429.0 2300.0 213.0 69.0 -0.270261108875 
2206.0 2301.0 168.0 67.0 -1.36392760277 
