1710.0 1430.0 163.0 161.0 0.0 
1954.0 1428.0 152.0 155.0 0.0 
2199.0 1429.0 160.0 162.0 0.0 
2444.0 1426.0 159.0 159.0 0.0 
2688.0 1424.0 153.0 159.0 0.0 
2932.0 1424.0 162.0 159.0 0.0 
3175.0 1424.0 162.0 159.0 0.0 
3420.0 1422.0 163.0 160.0 0.0 
1714.0 2233.0 163.0 162.0 0.0 
1960.0 2230.0 159.0 159.0 0.0 
2202.0 2228.0 161.0 159.0 0.0 
2450.0 2230.0 157.0 161.0 0.0 
1884.0 2407.0 117.0 94.0 0.0 
2144.0 2406.0 165.0 103.0 0.0 
2244.0 2570.0 106.0 67.0 0.0 
2419.0 2523.0 158.0 160.0 0.0 
2692.0 2224.0 161.0 163.0 0.0 SIEMES PEB 3065 N
2938.0 2214.0 163.0 141.0 0.0 
3180.0 2222.0 165.0 158.0 0.0 
3426.0 2222.0 164.0 157.0 0.0 
2720.0 2520.0 155.0 159.0 0.0 
3257.0 2490.0 102.0 72.0 0.0 8B472
3536.0 2424.0 117.0 99.0 0.0 ALS241B
3536.0 2560.0 117.0 94.0 0.0 
2140.0 1003.0 57.0 81.0 -87.990447998 
3093.0 998.0 86.0 53.0 -0.666199982166 
2146.0 1801.0 51.0 82.0 -90.0 
3099.0 1797.0 52.0 81.0 -90.0 
2023.0 2574.0 108.0 133.0 -90.0 
3367.0 2398.0 57.0 82.0 -89.3013076782 
3375.0 2564.0 73.0 54.0 -0.0 
3150.0 2565.0 74.0 55.0 -0.0 
3146.0 2394.0 74.0 58.0 -1.61353886127 
2981.0 2400.0 53.0 72.0 -89.1815490723 
2988.0 2513.0 86.0 53.0 -0.0 
2977.0 2599.0 77.0 51.0 -0.744059205055 
