1864 1035 121 96 0.000 P32AG DM74ALS 241AWM
2522 1068 161 158 0.000 
2755 1204 166 107 0.000 
2957 1194 118 91 0.000 
3220 1103 227 230 0.000 
2859 920 326 151 0.000 
2139 1440 96 135 0.000 
2390 1438 95 133 0.000 
2646 1437 96 136 0.000 
1848 1815 160 160 0.000 
2102 1816 162 159 0.000 
2354 1814 159 161 0.000 
2606 1814 159 160 0.000 
2898 1436 93 137 0.000 
3150 1434 89 135 0.000 
3402 1437 93 132 0.000 
2859 1812 158 159 0.000 
3111 1808 156 145 0.000 
3364 1810 159 159 0.000 
3624 1810 163 162 0.000 
1863 888 59 85 -89.326 
2118 875 57 74 -89.204 
2119 1031 58 87 -89.318 
2119 1137 57 77 -88.995 
3503 848 56 77 -88.977 
3504 976 59 77 -87.955 
3504 1114 93 72 -1.232 
3595 1548 56 81 -90.000 
3333 1547 85 54 -1.348 
3081 1549 82 54 0.000 
2831 1550 83 53 -1.081 
2577 1553 84 51 0.000 
2325 1553 84 55 -2.083 
2074 1551 83 56 -1.023 
1889 1445 86 122 0.000 
1821 1552 84 53 -0.682 
3243 2448 57 84 -88.620 
2271 2445 58 82 -88.977 
1863 1189 95 108 -90.000 
1760 2579 57 41 -88.568 
3652 1432 140 91 -88.772 
