1881.0 2195.0 226.0 216.0 -89.1397 
2576.0 2224.0 158.0 153.0 -89.1003 
2341.0 2085.0 106.0 164.0 -89.1533 
1437.0 1856.0 130.0 90.0 -89.1558 SIEMES
1477.0 1481.0 163.0 158.0 -89.1521 L3030-C9 AF R22VP9331
1695.0 1856.0 138.0 88.0 -89.1427 
1734.0 1479.0 162.0 155.0 -89.1382 
1949.0 1853.0 139.0 94.0 -89.128 
1988.0 1478.0 163.0 157.0 -89.1244 
2201.0 1853.0 139.0 83.0 -89.1191 
2240.0 1481.0 158.0 159.0 -89.1024 
2455.0 1855.0 145.0 89.0 -89.1054 
2493.0 1474.0 163.0 160.0 -89.097 
2707.0 1853.0 141.0 93.0 -89.0919 
2745.0 1476.0 167.0 160.0 -89.0835 
2961.0 1853.0 136.0 93.0 -89.0782 
2999.0 1479.0 160.0 158.0 -89.0781 
3212.0 1852.0 138.0 89.0 -89.0644 
3250.0 1480.0 168.0 165.0 -89.0647 
3235.0 2255.0 93.0 125.0 -89.171 
3234.0 2101.0 93.0 115.0 -89.1543 
3236.0 2404.0 56.0 90.0 -89.1891 
1850.0 850.0 55.0 80.0 -89.2838363647 
2826.0 846.0 83.0 55.0 0.0 
1504.0 1744.0 86.0 55.0 0.0 
1762.0 1740.0 52.0 81.0 -89.2838363647 
2015.0 1741.0 53.0 81.0 -88.9190826416 
2269.0 1740.0 52.0 83.0 -90.0 
2521.0 1739.0 54.0 82.0 -90.0 
2774.0 1739.0 84.0 51.0 -0.698694348335 
3024.0 1739.0 85.0 52.0 -1.3478872776 
3277.0 1734.0 52.0 82.0 -88.6028213501 
2979.0 2155.0 72.0 52.0 -0.0 
2980.0 2261.0 84.0 57.0 -0.682060420513 
2980.0 2416.0 57.0 73.0 -88.9390945435 
2614.0 2415.0 71.0 91.0 -90.0 
2239.0 2379.0 312.0 157.0 -0.739259302616 
2141.0 2097.0 106.0 93.0 -1.23197746277 
1591.0 2179.0 71.0 91.0 -89.3704071045 
1591.0 2316.0 58.0 75.0 -90.0 
1591.0 2443.0 57.0 76.0 -86.9872131348 
