2084.0 1848.0 89.0 89.0 -1.38454 LBB110 CP Clare
2397.0 1965.0 272.0 267.0 -1.38718 MC68340FE16E 2G67F
2806.0 1998.0 275.0 267.0 -1.39034 A1240A -1
3166.0 2123.0 156.0 156.0 -1.40421 
3358.0 2190.0 88.0 89.0 -1.25722 LAA110 CP Clare
3509.0 2037.0 71.0 176.0 -1.24914 
2132.0 1713.0 84.0 94.0 -1.31718 
2266.0 1719.0 93.0 98.0 -1.31074 
2390.0 1717.0 92.0 96.0 -1.3046 
2512.0 1716.0 89.0 93.0 -1.29847 
2848.0 1638.0 92.0 92.0 -1.37037 
2987.0 1639.0 96.0 94.0 -1.37062 
3250.0 1675.0 244.0 242.0 -1.36837 
2261.0 1530.0 146.0 152.0 -1.3121 
2427.0 1531.0 90.0 144.0 -1.30251 
2591.0 1537.0 128.0 107.0 -1.36193 
3126.0 1381.0 269.0 262.0 -1.34585 
2871.0 1325.0 74.0 153.0 -1.28004 
2780.0 1326.0 70.0 154.0 -1.28438 
2693.0 1329.0 77.0 153.0 -1.28879 
2604.0 1330.0 75.0 153.0 -1.29321 
2515.0 1333.0 71.0 152.0 -1.29753 
2426.0 1335.0 77.0 152.0 -1.30207 
2336.0 1337.0 73.0 151.0 -1.30629 
2246.0 1339.0 77.0 148.0 -1.31089 
2301.0 1156.0 92.0 144.0 -1.30835 
2462.0 1149.0 91.0 145.0 -1.30027 
2628.0 1176.0 89.0 146.0 -1.29209 
2829.0 1169.0 92.0 146.0 -1.28235 
3025.0 1153.0 115.0 97.0 -1.33497 
2856.0 997.0 250.0 142.0 -1.32161 
3149.0 990.0 255.0 134.0 -1.32184 
3143.0 829.0 254.0 140.0 -1.3098 
2851.0 834.0 257.0 146.0 -1.3095 
2541.0 1001.0 132.0 111.0 -1.32248 
2542.0 786.0 222.0 228.0 -1.29929 
3560.0 1740.0 85.0 226.0 -1.24671 
2110.0 811.0 92.0 79.0 -1.46880078316 
2250.0 557.0 40.0 60.0 -1.90915250778 
2325.0 669.0 41.0 63.0 -90.0 
2326.0 768.0 59.0 73.0 -2.35329699516 
2329.0 907.0 56.0 74.0 -0.830315411091 
2113.0 912.0 90.0 81.0 -2.1210963726 
2788.0 568.0 59.0 71.0 -1.94148647785 
3524.0 599.0 98.0 74.0 -2.95077943802 
3526.0 686.0 98.0 69.0 -1.77146983147 
3528.0 775.0 96.0 70.0 -2.45403170586 
3368.0 830.0 101.0 136.0 -2.94644737244 
3370.0 979.0 101.0 136.0 -0.84252423048 
3531.0 866.0 98.0 72.0 -0.596809446812 
3533.0 954.0 97.0 73.0 -2.41102957726 
3535.0 1044.0 95.0 70.0 -2.45403170586 
2330.0 996.0 60.0 72.0 -0.795723557472 
2086.0 1433.0 72.0 57.0 -1.59114027023 
2094.0 1571.0 72.0 55.0 -2.38594412804 
3247.0 1144.0 87.0 85.0 -0.674036920071 
3535.0 1130.0 94.0 70.0 -1.66028237343 
3539.0 1221.0 98.0 72.0 -1.84761035442 
3542.0 1308.0 94.0 72.0 -0.818455398083 
3546.0 1397.0 95.0 74.0 -1.84761035442 
3375.0 1130.0 102.0 134.0 -2.24574255943 
3380.0 1280.0 101.0 132.0 -2.60256195068 
3384.0 1430.0 102.0 128.0 -1.12330269814 
3546.0 1487.0 93.0 71.0 -2.41950941086 
3550.0 1577.0 93.0 72.0 -1.84761035442 
2905.0 1487.0 77.0 61.0 -0.784824550152 
2794.0 1490.0 77.0 57.0 -1.52752554417 
3016.0 2164.0 41.0 65.0 -0.881404042244 
3430.0 1770.0 40.0 66.0 -89.131942749 
3433.0 1825.0 60.0 39.0 -0.0 
3433.0 1880.0 60.0 38.0 -3.01278758049 
3567.0 1878.0 38.0 62.0 -89.0759506226 
2645.0 1765.0 92.0 80.0 -1.24536430836 
2750.0 1763.0 99.0 76.0 -1.73570466042 
2857.0 1760.0 96.0 73.0 -0.61605989933 
2962.0 1759.0 97.0 76.0 -1.50743579865 
