1823.0 610.0 135.0 92.0 -0.622755765915 
4187.0 550.0 58.0 71.0 -0.806929469109 
4187.0 674.0 72.0 62.0 -89.193069458 
4066.0 667.0 74.0 62.0 -0.784824550152 
4067.0 770.0 63.0 73.0 -89.2151794434 
4186.0 795.0 75.0 60.0 -88.2642974854 
3668.0 835.0 228.0 233.0 -90.0 
1818.0 1168.0 88.0 81.0 -1.41442322731 
3512.0 1295.0 101.0 138.0 -0.41517958045 
2355.0 2320.0 81.0 61.0 -89.2926864624 
3064.0 2160.0 127.0 106.0 -88.9190826416 
3272.0 2139.0 210.0 153.0 -89.7232131958 
3415.0 2344.0 140.0 98.0 -89.5907516479 
4076.0 2335.0 88.0 85.0 -1.36392748356 
