2157.0 1738.0 286.0 289.0 0.0 WORDCLASS MAINBOARD
1891.0 477.0 158.0 214.0 0.0 VT6307 0345CD TAIWAN 2HA100346A
1667.0 502.0 82.0 83.0 0.0 
2180.0 472.0 144.0 148.0 0.0 RTL8101L
3656.0 1214.0 321.0 322.0 0.0 
3730.0 2320.0 205.0 161.0 0.0 W83627HF-AW
2850.0 836.0 138.0 96.0 -89.1696853638 
1660.0 1079.0 62.0 91.0 -1.25904524326 
1587.0 1250.0 67.0 70.0 -90.0 
3085.0 923.0 65.0 62.0 -90.0 
2467.0 1471.0 60.0 76.0 -89.2257843018 
1815.0 1608.0 74.0 63.0 -0.0 
1847.0 1741.0 74.0 57.0 -0.784824550152 
1809.0 2040.0 109.0 133.0 -0.44761416316 
2049.0 367.0 41.0 61.0 -89.0451583862 
2170.0 366.0 60.0 41.0 0.0 
3332.0 639.0 39.0 62.0 -88.4518432617 
3736.0 522.0 70.0 56.0 -0.818455517292 
3728.0 652.0 42.0 66.0 -88.6028213501 
3202.0 1013.0 61.0 38.0 0.0 
2508.0 2016.0 38.0 63.0 -89.0906219482 
2366.0 2130.0 59.0 41.0 -88.6028213501 
2417.0 2132.0 57.0 43.0 -88.6677780151 
